1 996
2 999
3 998
4 998
5 999
6 999
7 999
8 999
9 999
10 999
11 998
12 999
13 999
14 998
15 999
16 997
17 999
18 998
19 998
20 996
21 999
22 999
23 999
24 997
25 999
26 999
27 998
28 999
29 999
30 997
31 999
32 996
33 999
34 999
35 997
36 998
37 999
38 999
39 999
40 999
41 998
42 997
43 998
44 998
45 999
46 999
47 998
48 998
49 999
50 999
51 998
52 999
53 999
54 999
55 999
56 999
57 999
58 999
59 999
60 998
61 999
62 998
63 998
64 998
65 999
66 999
67 999
68 997
69 999
70 999
71 999
72 999
73 998
74 997
75 999
76 999
77 998
78 999
79 999
80 999
81 998
82 999
83 999
84 999
85 999
86 999
87 998
88 998
89 997
90 998
91 999
92 999
93 998
94 998
95 999
96 999
97 999
98 999
99 999
100 999
