1 499
2 499
3 499
4 499
5 499
6 499
7 499
8 499
9 499
10 499
11 499
12 499
13 499
14 499
15 499
16 499
17 499
18 499
19 499
20 499
21 499
22 499
23 499
24 499
25 499
26 499
27 499
28 499
29 499
30 499
31 499
32 499
33 499
34 499
35 499
36 499
37 499
38 499
39 499
40 499
41 499
42 499
43 499
44 499
45 499
46 499
47 499
48 499
49 499
50 499
51 499
52 499
53 499
54 499
55 499
56 499
57 499
58 499
59 499
60 499
61 499
62 499
63 499
64 499
65 499
66 499
67 499
68 499
69 499
70 499
71 499
72 499
73 499
74 499
75 499
76 499
77 499
78 499
79 499
80 499
81 499
82 499
83 499
84 499
85 499
86 499
87 499
88 499
89 499
90 499
91 499
92 499
93 499
94 499
95 499
96 499
97 499
98 499
99 499
100 499
